1 0.162500 0.701042 0.037500 0.068750
1 0.952344 0.518750 0.092188 0.141667
1 0.243750 0.563542 0.165625 0.364583
2 0.086719 0.665625 0.035937 0.010417
2 0.401562 0.650000 0.212500 0.054167
2 0.545312 0.626042 0.031250 0.014583
2 0.575000 0.629167 0.018750 0.025000
2 0.725781 0.618750 0.242188 0.050000
2 0.689063 0.573958 0.325000 0.072917
2 0.397656 0.580208 0.220312 0.097917
2 0.772656 0.520833 0.110937 0.025000
2 0.139063 0.593750 0.090625 0.170833
2 0.403125 0.518750 0.118750 0.050000
2 0.619531 0.512500 0.167187 0.050000