0 0.502344 0.468750 0.048438 0.087500
0 0.385156 0.484375 0.160938 0.156250
0 0.710156 0.454167 0.135937 0.166667
1 0.675781 0.523958 0.014063 0.010417
1 0.663281 0.526042 0.007812 0.014583
1 0.589844 0.490625 0.017188 0.072917
1 0.619531 0.495833 0.023438 0.095833
1 0.465625 0.490625 0.018750 0.085417
1 0.557813 0.490625 0.034375 0.089583
1 0.528125 0.489583 0.021875 0.095833
1 0.293750 0.485417 0.021875 0.087500
1 0.239063 0.478125 0.025000 0.081250
1 0.825000 0.513542 0.075000 0.197917
2 0.565625 0.509375 0.018750 0.056250