0 0.762500 0.503125 0.050000 0.043750
0 0.187500 0.535417 0.375000 0.383333
1 0.805469 0.504167 0.007812 0.016667
1 0.710938 0.516667 0.012500 0.041667
1 0.692187 0.515625 0.012500 0.039583
1 0.821875 0.496875 0.009375 0.027083
1 0.886719 0.496875 0.023438 0.056250
1 0.659375 0.501042 0.018750 0.064583
1 0.616406 0.512500 0.023438 0.095833
1 0.703906 0.476042 0.029687 0.031250
1 0.915625 0.486458 0.018750 0.064583
1 0.856250 0.485417 0.028125 0.070833
1 0.811719 0.463542 0.026562 0.039583
1 0.977344 0.479167 0.029687 0.116667
2 0.700781 0.523958 0.032813 0.064583
2 0.810937 0.506250 0.025000 0.050000